b=[1 1 1;2 2 2;3 3 3]
3+b
3.+b
b.+3