a=[1 2 3;2 3 4;3 4 5]
b=[1 1 1;2 2 2;3 3 3]
a.\b			%数组的除法
a.*b			%数组的乘法
