a1=[1,2,3;4,5,6;7,8,9]
a2=[7,8,9;4,5,6;1,2,3]
a3=[1,2,3,4;5,6,7,8]
a1+a2
a2-a1
a3+a1