a1=1:5:50
a2=50:-5:1
a3=linspace(1,50,6)


