a3=[1,2,3,4;5,6,7,8]
a1=[2,2,2,2;3,3,3,3]
a3./a1
