a1=[1,2,3,4;5,6,7,8]
a2=[1,1;2,2;3,3;4,4]
a1*a2
