a1=[1,2,3;4,5,6;7,8,9]
a1^3
a2=[1,2,3,4;5,6,7,8]
a3^3